11101011011011110000100001101010
01110000010011011000111011000101
00100100111110111000000100001111
10100110101101111010100100000011
00110101110010000100000011111111
00010001011010110100111001100010
11110001010101000010101000100100
11111100000110111001100000011001
10100101100010001101010101111110
00010101101011101101000001010111
01111101111010000100110001101110
01100001001011010111100100101010
10111111100101101111001011111100
00010111110111010010101010010101
00110010111100111110001011100000
01110011101101001100000111011001
00001111110011001010110000101001
00001111010100100110010100100100
10110101000010110101011100110011
11000111110000101010110100101011
00011111101101101111100000011001
11000000110110010010010101101011
01011101010110010111110111101000
00000100010010001111101010110111
11010001000101011001100101111100
10111101111010011010111110010110
00110100111010010010101101111110
01110111100111101110001110100101
10110111010011000111111110010110
00001110000000111001111110000110
11000000101101110111110011001101
00011100010110110111001111100000
00010101000011100011001100011100
01010001011001111001001100011101
10001100111111101110010011000000
10000001011011101001100100101011
11101000000111110001011000011011
11101011101011101110101101000010
00001000110101011011010000000101
01111100001000101000111111000111
10111011110011000010111010011000
11111110111000100110011111001110
11010010110001101000010000001011
10000100011011100000000101110001
11010001100011111001111000001010
10110011101010110100111100111110
00010110100010010001111010011101
11001110101000000101011101011110
10101101011111100110001110001000
01101010000101011000101001001110
10011101001010011101001110000000
00111010000000011000110110111100
10111011100000011000011000001100
11111000101101111101100111100110
00011001000110011100010010100100
00001001010000010010111100101001
01000110100110111101101011111110
01100100100110111111101010101001
11011011011101000011000001110111
11010111111110100010010000011011
10011011111111000010101101010101
01100011111111000111101101110111
11111011000111101110010001100001
10010010100101101101111110010001
01101100001001110010011000110010
01011110010010111001111010001010
00011011101110110100000101110110
01000101101100011100101000000001
11001010001010110011110010101100
00101100101100111011010001110010
10111011101111100001011111100101
00101110110100011000010000111000
00001100000111101101100100001101
11100100010000111100101101010001
01000101011000101101111011001101
11011001111011011100000000010001
11010101111011110011100110010101
11001010001011100011000011000001
11101101100110110000010000100110
11110000110111100111100110011100
11000011101111001100100101001000
10100110111010001010011011010001
11010001010111111000011110010011
01100010010110110011011111001000
00001000010100001000011100110001
10001111110101111111000111001000
00000100010110001101100110001001
10111100100110000000101010001010
10000011011101011100011110010101
11100001000100111110010101110110
00101111000011110010110011010110
00110111101111100011101010010001
00110001011111001101100101111101
10100010010000110101000100010011
10011010000001010111011100000000
10001001111010010100011110110111
01100000010001001100010100000100
11000111011111110000111110010100
11010001000111011111100010000011
00101100101100000000100101110101
11001111101010011010011000110001
00000011011011110111000010001111
10000101000011101101000011000010
11011101000010010111101110100101
11111001111000000100001101001111
01101001001011000110001001001010
01100110011101001101101100010110
10011000011001001011100010110101
11000110001111111011000111111000
11011101011100100000100101001101
00111001100101011011110100111001
10100111011011010001101110010110
10000001110111011101000110100111
00001011001111001000000000001011
10000001010000111010011111111111
00110100001000111010110010010111
10000101011110011101001010001000
01000100000101000010110011011010
00001100100100111001100001000100
00010000000001100010110110110100
10110001010000011101011010010000
10101000010010001110111010101100
10011110011110001111100011000011
10101100111101001111011001000010
10010011000000110000110110100111
11000011100001010110011010001010
10011001110100001110011100101000
10100100101001011001000001110111
10111010011101001010111101101011
10010110111000101111010001001110
11001000011101111010011111000011
01110010011111110110101101110011
10011110101111110010001100011111
00111110101110001001101111110101
11101000110001100110000101010100
10111110001110001010100111000011
11110010010110010001111100000001
11000000011000110111000111010101
01001100010100011101100110111101
00011001011011000110000111010101
11010011001011110111110100011010
01011000111111100010000100011111
11011010110111000011111011010001
00100000110110001000101111110101
00101001111001111100110010111010
11110100001100001000000001101111
11100011100011100001111101101110
00100011000110001001111000100101
00111100110101111000011011101001
00100001110101011111101110101101
10110000101111100010010010000110
10010011001011011100101101000110
00010111100001111101010010011011
11101100011110000011110101001001
11011000010100101011001100001100
10001101000011010101101101111110
11110000010011000000110001110100
01010001010100100000111100101011
10011000011100100010110110101100
10001110001010001001111100010011
10101101111100100101101100010101
11101101011010101011001111010011
00111111100001110011111010000011
00000101110100001101011111001010
01001011110000111000100010010001
11101011001101111100111000011010
10100101000011111010000111100111
10010101000101111111101110101110
11010010110101110110111001101101
01100101011100101100101011000001
00111100011100100000100110000010
01011100011000011111111111100111
11011001011110000011101111000001
01001100101010001000011100110110
11011001001110011111011111000101
00101000011010101101000010000000
01110011100100110011111010100001
00110010111000000011011000100100
00001110100000011010101000101001
01110001001111100001101110110000
00001011001010110101001100100110
00101110111101010001100010110010
10111011100001010111101000011000
11001111010100001111111010101001
01101000000111001100101010011110
10010101110101001101100110000001
00101011110100100011111101110100
00101010110111011001011111010100
01011100011110010010010000100110
10010011000011100001100000100010
11000001101100011011110000010010
00101010000010111100100000010010
11111110010111110000010111000010
11001001001100000010001010111000
10000110001011100101111100000010
01111111110011111001011010010100
10000011011010011010011011110100
00111001001000001111111001101000
11000000001001111010111011101110
00000110000011000110001111010100
10000111101101010010110111000001
00110010100010101010100110100110
01010101100101010000110000100111
01110110001010111001100000101000
00001011011001100100001111110001
11010110110111000011011000010001
10100100100111000001110110100100
00000011000111000110100110111010
01111100111011100010110100001101
10110001000010000100000000010000
00010000010010000100011110000110
10001010101100001111101110001010
00011010110100101000010010100101
11010001011111000000000011110011
10100001111100101101010111111010
11111010000100000101010101100101
10000111111010010101010010110011
01111010001101110000111000011110
01001011100011100011110100111101
11111111001110000000100001111010
00001001111111001110101111011010
01011101011110101001011110110011
10001001100110110010001011010100
11111100110001000011011100011111
10010010101110100010100101011110
11010110011010101001111101011110
10011111101111010001001111111110
11000100100101001001011110100000
01111000000100010110110001000100
11010111011011111011011010101111
01111010000111101000011011111000
01011000111100110100100010101011
00011101110100100110110010110010
01001100001000000000010111000111
01111100101101111100101000000110
00001110001111001100001011011001
01010100011000010110100010111101
01011110000101111111100111000100
11000011001010010101100010010100
01000110101000011001000000101100
00110101011010011000000001110100
00101111010011000100000000111100
11001000000110111101000000111011
11011111011110010010000110001011
00001011101110111110010010110010
00000000001111010111110100000110
01001110000111110101001100100110
10110111100111011110101110100001
11000001010110001100101001010101
10010100111010011100100111111000
11100101100010101110110100010001
00001000111011011100011000111110
00011010011100101101110011110000
10100010000011110101110010000001
01010001111001001101101111100100
01111011100101101111101101000101
00000000000000000000000000000000
00000000000000000000000000000000
00000000000000000000000000000000
00000000000000000000000000000000
00000000000000000000000000000000
00000000000000000000000000000000
00000000000000000000000000000000
00000000000000000000000000000000
00000000000000000000000000000000
00000000000000000000000000000000
00000000000000000000000000000000
00000000000000000000000000000000
00000000000000000000000000000000
00000000000000000000000000000000
00000000000000000000000000000000
00000000000000000000000000000000
00000000000000000000000000000000
00000000000000000000000000000000
00000000000000000000000000000000
00000000000000000000000000000000
00000000000000000000000000000000
00000000000000000000000000000000
00000000000000000000000000000000
00000000000000000000000000000000
00000000000000000000000000000000
00000000000000000000000000000000
00000000000000000000000000000000
00000000000000000000000000000000
00000000000000000000000000000000
00000000000000000000000000000000
00000000000000000000000000000000
00000000000000000000000000000000
00000000000000000000000000000000
00000000000000000000000000000000
00000000000000000000000000000000
00000000000000000000000000000000
00000000000000000000000000000000
00000000000000000000000000000000
00000000000000000000000000000000
00000000000000000000000000000000
00000000000000000000000000000000
00000000000000000000000000000000
00000000000000000000000000000000
00000000000000000000000000000000
00000000000000000000000000000000
00000000000000000000000000000000
00000000000000000000000000000000
00000000000000000000000000000000
00000000000000000000000000000000
00000000000000000000000000000000
00000000000000000000000000000000
00000000000000000000000000000000
00000000000000000000000000000000
00000000000000000000000000000000
00000000000000000000000000000000
00000000000000000000000000000000
00000000000000000000000000000000
00000000000000000000000000000000
00000000000000000000000000000000
00000000000000000000000000000000
00000000000000000000000000000000
00000000000000000000000000000000
00000000000000000000000000000000
00000000000000000000000000000000
00000000000000000000000000000000
00000000000000000000000000000000
00000000000000000000000000000000
00000000000000000000000000000000
00000000000000000000000000000000
00000000000000000000000000000000
00000000000000000000000000000000
00000000000000000000000000000000
00000000000000000000000000000000
00000000000000000000000000000000
00000000000000000000000000000000
00000000000000000000000000000000
00000000000000000000000000000000
00000000000000000000000000000000
00000000000000000000000000000000
00000000000000000000000000000000
00000000000000000000000000000000
00000000000000000000000000000000
00000000000000000000000000000000
00000000000000000000000000000000
00000000000000000000000000000000
00000000000000000000000000000000
00000000000000000000000000000000
00000000000000000000000000000000
00000000000000000000000000000000
00000000000000000000000000000000
00000000000000000000000000000000
00000000000000000000000000000000
00000000000000000000000000000000
00000000000000000000000000000000
00000000000000000000000000000000
00000000000000000000000000000000
00000000000000000000000000000000
00000000000000000000000000000000
00000000000000000000000000000000
00000000000000000000000000000000
00000000000000000000000000000000
00000000000000000000000000000000
00000000000000000000000000000000
00000000000000000000000000000000
00000000000000000000000000000000
00000000000000000000000000000000
00000000000000000000000000000000
00000000000000000000000000000000
00000000000000000000000000000000
00000000000000000000000000000000
00000000000000000000000000000000
00000000000000000000000000000000
00000000000000000000000000000000
00000000000000000000000000000000
00000000000000000000000000000000
00000000000000000000000000000000
00000000000000000000000000000000
00000000000000000000000000000000
00000000000000000000000000000000
00000000000000000000000000000000
00000000000000000000000000000000
00000000000000000000000000000000
00000000000000000000000000000000
00000000000000000000000000000000
00000000000000000000000000000000
00000000000000000000000000000000
00000000000000000000000000000000
00000000000000000000000000000000
01011011101111001001011100101111
11001011101100110010101000010011
01000111001100111000111101100001
11101101011011111100001000111110
10111011001101111010010111010110
11011111000101011100010110011001
11010111011101000001110110010010
10100110101010001010010010111001
00011111000111110001000101001101
01111100110011100000010001011111
11100000100100000001110110000101
01100001101000100111100010011111
10001110111111110100100100010010
10101100100010000000111100100011
11000101010100000001111100011100
11011101000100101111000010101101
01100110011101011100011000111010
00001110011011010111110111101011
11010011110011100000000101011110
10000100111110000100001111001101
10111010101011101001011001100110
01010111001101001000010101111100
10000101001110101110110101001001
11100101001010010111010111111100
00010111100100111110110111010110
11010111001010110110000100111101
10110100001110010101111111110011
00100010010110101111001111001110
10101011001101111101010110101000
10110011011011100101010010010010
11111111111110001010011011001101
10001101101101011100001111110010
11001010011100101100010010111101
01100001011011010000101101110111
11110110110111101111000100011110
11101010100011111001110000011101
11110000011000101010010001011111
00011111010100001001111011011110
10100000000111010110101001010111
11011110011110010111110111000011
01101010101001010111000000011001
00110011101110101011111101011011
10011000001010000111100011111010
11000000111100001110010000010100
01100100100010011010110100001100
01100110110011010110011101100111
11010011110000000010101010010001
00100011111011101011111010110111
00100111110000111101010010011000
11111101110011100000000111111000
11010011000110010001011011000001
01100010000110000100110001101000
01100011000011001010010110011001
11111110110110011001001111001011
10100011101100011011101101000110
11100001000000101101100011010000
10001101000110100101000110110011
10110101011001110101010010010110
11001001100011011111111101100010
00011100100110011100010111111000
01011001100010101100010100111101
01001011011011011110111100000101
01010110100010000111010000110001
00111110011101100111011110100000
01010001010101111010001110111001
00111010111101110001001100110111
11011101011101111011111100010100
10100110111111110000101100010111
10110010101111001001000011010110
01100101101111100011101110010011
00101100001011011001111000111001
11111011101101001100101011000111
00011110000110000100110100101010
00000110101001101011110110010100
01011110101011011000001010010111
01000011111010111110111111001100
00000100000000000001000111100100
01100101011000000000111010001011
01000001100111100001101110011111
00100110100110101100110011000000
10011011010111010000111011101001
01000101010110000001011001001101
00110110111110110101011010101011
00111010001001111001110110010110
00111000010010100011100100101111
10011000110101000000100101101010
00100110001000001100001011110111
00000001101001001100100001000101
10100110011100110111010011000110
01111111101111111100010111011010
00111010001000000110101111011000
10001010110101100111100011000010
11111101111100011010010000011111
01010110101011111101011101001001
11101111100001110011110001001000
11101011101111011000010000100101
11000111100011110010100001111011
00000101111111011111010110010110
10111100100010101010010101011100
11000110001101000001001011000011
10111010001111111101011101100111
11001011110000001010010001010000
11100010010000100111101000000011
10100111101110001000011101011111
00101101111101100110110100011110
10011010111110010100001100010001
11101100010011101000010110011000
10011100000000110010101101100000
00000010001000000110001011010001
01001010110001100100010110110111
01100111011101111000001110001110
10000110010111110101100111110011
01101001001001001100100010111100
01100100010100011010101110011111
01001111100000010010001011110011
11010011000100011100111110100011
01101001111100100111001001111001
10001010111101001000110011011111
10110010011110010110001010000001
00001001110010101110100011000001
01100100101101011100000010110000
10100111100101001111000111000110
00001011111110010110000110111001
00000101101111010011111011000111
01010110010000101001010001001110
11101110011110001011001101001111
10111100100000100011100101110010
11001101011110111101011100101010
