01000101111001111110001110101001
10010110001110010111001101110010
11011001101110001111011110110101
10000001101011000111101101111010
10010100000100011110111010111000
01001110001010010110011011010010
10100110011111011010100100001100
01101000011100111111110001011101
10111111001100111000101000000111
01010011010110101110110100010110
11101110100101101100010010010011
10110001101111110011001110101001
11011011010011101011100101000110
01000111110001010011001000100100
00110100101111001101101110111001
00111000100100000111101001010110
00101101010010100001011000000000
10100000011011010001011000110000
11010001011010110100110101110001
10011010001111000101100001110011
11001110000000100111101011111101
11101000000000110101110001101100
01110011101010101101000001100010
00011011000101110001010001111110
00110100010001101100011110111000
01101111011100111110100101110001
10110011011000001110100100000110
00101010010000100101100010011111
00000001111101001001111001001011
00000101010010011000101111011011
10111001100100010111100000000101
00100100100101000100010111011001
10111000101100011000110111001101
10100000010100110100110001100110
10111101110010010001100101110111
00110001010110111000111100010100
11000011110001010101101010011001
10011000010111010111010110010100
10010000011001110001111001100100
11110010110100101110000000001101
00001111010101011101100000101100
11100111011100001000000110100110
01110000011111011011000001110001
00100100111110101100100001111110
10101100000001100101001111000001
11101011100111100010010011001101
01101111101000000010100100011101
10100011111010101011111111010011
01100010010010000011010100001101
00010010010101011110101101001111
11000100000010001000001000101100
10100001100110000110100110110001
11100111110101011100110010111110
11010110111110100001000001010110
10111101110110011100110000110110
10100101101111011101010111001001
01100110010001010000000011000000
10111100010100010000010111011100
00000111100110110110110110101100
01011101001011100111110100100110
10101110011100111110110101011111
10111110101101001101101100110001
11100000001011111101101000100010
00000111101100000001110100101010
00011110100001011011100000111001
11100011110010110000001011011000
00000001011101111111111010100110
10111111101110011111011111011111
01100110011111101010011111111000
00101010101110100100000101000110
00110000001000110101010010101111
10111011111111011100100010001111
11101011110110011100110110011111
00111100011000000100101110000011
01111111101011001011100011101010
01000001110000110111001100010110
11110100000000011000000110110001
10001001001110110110010000111110
11011011000111111110010110101111
01101101001100001010101110001001
00101001001011010001101001001010
00010001101011101101010010101110
10101111111111000000100010010011
00011101010111110101010011100110
10001011111111100010100010110000
10001000001100010110100010000000
01101010101100111010101001101010
10110100111110101111100101000100
11110101001001111111011001000010
01111001111000110000100011111011
10101111000010010100011100101110
00110010100101111000111000100110
01101111000010010010011110101111
10101110000111110000011001110001
00111001111110110111100000011111
01001110110101001101101101100001
01000011100001110100111001000111
00011110011011110101010100110101
01110110100110010010011010110100
00100111011101100111101000111011
11110000111111100000111001111101
11001000100110100101000101010011
00100010100100110001000011111100
11011110100000000111111000011101
01000010110101010101011110101011
10111000010110000001011101101110
00000100110000100100011010110011
11011011100101010111110010010001
01100001101100100001110110000100
11000001110110110111000001101001
10101011001100010000010000111000
11010111100111100100000101010010
01101111011011101111010000101000
11011101010000110110001100110110
01011111101011001010011111000000
01000010110110100111010000111010
01110000010010011011111111011100
00001100011011010011111111011010
01101111111001101000100011010000
00000000100111101100101101001010
10111010011101101001000000010011
01101111110010100000110101111010
00010010010110011010101010101111
00111001001110101001100111101111
00111011100010110000101101000010
11000001100001011100100000001101
11100111110001101010101101000100
00110110101011000101011010100010
01111001110101101011100010011110
01011110111000000111100011001001
01110010111010100101011001011011
10100000010000001001011000110101
01000110000100100101000000111001
00111110101111001100111101000010
01000111000010001101101111100111
00111011110101110011001000101101
01001001000000101000011110001100
00010011100100000101010010011111
11110010010101101101011100001100
10010000100001001100100001101010
01111111101001011111000101111100
01011011001011111010001001001110
10110100101001001011010111101100
10100110011001010001100110101101
11110011000111011001010100001001
10110110100000000100001011001001
11111110100000001011111101111000
00100101011111100011010110100000
01011100100001111111111101111011
10101111010000011100000000000101
00011000000111001111001000011000
01011011000110000101011000100110
01000110001011010010010011110111
10011111110000010001010110111001
10111000111011100100110001000100
11110100101100110011111000100111
00101110110010110011111111110001
00100101110100010010001101010000
10110000010110100010011111111100
10010111101000111010110001101101
01011010000111111010011110000111
11101111110000111000111100111110
10001010111000110001111101100110
01001101011100111000000000100010
01111000100011101111100000100011
01011100001110110001000110100010
10011011011111010000000110010010
11011100000100110100010011010011
10101101011000101101001010111101
10001000000101100100001111000000
10110010101110001101001011000101
11100001100100110000111010010111
01001001010100001000101111011101
10100001101001101001111101011111
00001000010110100011010101001001
10000101010111011110000011000100
11110010110101010101001001100111
11101001100001001001001010010011
01111100110011110000101010011110
10010010010000100010100000111011
00100000011111001010100011101011
01011101011011101100010010110011
11110111000011011110011000100001
10101001000111100101110001010101
01011101101110111001000001100111
00111010011110011100100100101110
10101011010110010010011000100100
11111011010100001100110000100001
00000101011110100001000011001010
11101100011110010100001100100011
11010101101011101001010001011110
10011010110001110101010000000111
10011001011110101101000101110010
10000001100001110110010001000000
01111001001010000000010101101011
00110100101010001010100001101111
00100001111100001011000001100101
11001111000101001010011110000101
11110010010100110000000001100101
11100000101110110000111011101001
10011111001111101000000010110011
01001000011001010001110111101101
11101001001100011110101000111110
01101100100111000100111011100000
11110011101001110000111110101011
10111010110000110110100100001111
11010100111010011111001110111010
11111110101011110000101001101010
11001110101001001101010010100000
11110010111101001001111011111110
11101001110010110010100000011001
10111011001011000110001000010100
00111111011001100101001010000000
00010001000101000011000000110110
10000100000100010111001100110110
10010101000110101101110110001100
00011011101100111000111000110100
00000011101011001101001000100001
01011100011000000101011001010100
00000101000111010100101110011100
11100010111001100000111000010011
01101111001010010011101001011110
01111100100110011100000100011010
00101110011101010001100100110111
00010100110101011101010010100101
11000010000010010000111110110000
10111000011001110001111001011000
11000011101100111101001011001011
01000101000110010001111000001000
01101110010111011111010110111101
00001110111101010111010001111110
01001000110110110110010010000010
01001110110101001010000110000010
10010011001111110001111101001110
10001001101111101100110011010010
00110011101111011010101100010011
00010100010100001001011111000111
00011000010000010000000010001001
11101111011111010000101100110011
01100111000000001100111110101110
00100110101101111111011100010110
01011110110001110000100011000011
01110100010100011001111100010000
01110011000001101010000000100010
11000000001101100100001000001110
01111010110000100010101001001001
01110110010111110101101011100101
01100010011101010110000000001001
10000111111110011101100110100010
11001011110100010000101111100010
00001101111011010001100110011000
11011111111100101110010010111101
11110111111111011111110100010010
11000000001110110111011000110111
10011101001000101100101110110100
10111011111111010000001111111000
00000000000000000000000000000000
00000000000000000000000000000000
00000000000000000000000000000000
00000000000000000000000000000000
00000000000000000000000000000000
00000000000000000000000000000000
00000000000000000000000000000000
00000000000000000000000000000000
00000000000000000000000000000000
00000000000000000000000000000000
00000000000000000000000000000000
00000000000000000000000000000000
00000000000000000000000000000000
00000000000000000000000000000000
00000000000000000000000000000000
00000000000000000000000000000000
00000000000000000000000000000000
00000000000000000000000000000000
00000000000000000000000000000000
00000000000000000000000000000000
00000000000000000000000000000000
00000000000000000000000000000000
00000000000000000000000000000000
00000000000000000000000000000000
00000000000000000000000000000000
00000000000000000000000000000000
00000000000000000000000000000000
00000000000000000000000000000000
00000000000000000000000000000000
00000000000000000000000000000000
00000000000000000000000000000000
00000000000000000000000000000000
00000000000000000000000000000000
00000000000000000000000000000000
00000000000000000000000000000000
00000000000000000000000000000000
00000000000000000000000000000000
00000000000000000000000000000000
00000000000000000000000000000000
00000000000000000000000000000000
00000000000000000000000000000000
00000000000000000000000000000000
00000000000000000000000000000000
00000000000000000000000000000000
00000000000000000000000000000000
00000000000000000000000000000000
00000000000000000000000000000000
00000000000000000000000000000000
00000000000000000000000000000000
00000000000000000000000000000000
00000000000000000000000000000000
00000000000000000000000000000000
00000000000000000000000000000000
00000000000000000000000000000000
00000000000000000000000000000000
00000000000000000000000000000000
00000000000000000000000000000000
00000000000000000000000000000000
00000000000000000000000000000000
00000000000000000000000000000000
00000000000000000000000000000000
00000000000000000000000000000000
00000000000000000000000000000000
00000000000000000000000000000000
00000000000000000000000000000000
00000000000000000000000000000000
00000000000000000000000000000000
00000000000000000000000000000000
00000000000000000000000000000000
00000000000000000000000000000000
00000000000000000000000000000000
00000000000000000000000000000000
00000000000000000000000000000000
00000000000000000000000000000000
00000000000000000000000000000000
00000000000000000000000000000000
00000000000000000000000000000000
00000000000000000000000000000000
00000000000000000000000000000000
00000000000000000000000000000000
00000000000000000000000000000000
00000000000000000000000000000000
00000000000000000000000000000000
00000000000000000000000000000000
00000000000000000000000000000000
00000000000000000000000000000000
00000000000000000000000000000000
00000000000000000000000000000000
00000000000000000000000000000000
00000000000000000000000000000000
00000000000000000000000000000000
00000000000000000000000000000000
00000000000000000000000000000000
00000000000000000000000000000000
00000000000000000000000000000000
00000000000000000000000000000000
00000000000000000000000000000000
00000000000000000000000000000000
00000000000000000000000000000000
00000000000000000000000000000000
00000000000000000000000000000000
00000000000000000000000000000000
00000000000000000000000000000000
00000000000000000000000000000000
00000000000000000000000000000000
00000000000000000000000000000000
00000000000000000000000000000000
00000000000000000000000000000000
00000000000000000000000000000000
00000000000000000000000000000000
00000000000000000000000000000000
00000000000000000000000000000000
00000000000000000000000000000000
00000000000000000000000000000000
00000000000000000000000000000000
00000000000000000000000000000000
00000000000000000000000000000000
00000000000000000000000000000000
00000000000000000000000000000000
00000000000000000000000000000000
00000000000000000000000000000000
00000000000000000000000000000000
00000000000000000000000000000000
00000000000000000000000000000000
00000000000000000000000000000000
00000000000000000000000000000000
00000000000000000000000000000000
00000000000000000000000000000000
00000000000000000000000000000000
00000000000000000000000000000000
00000000000000000000000000000000
00000000000000000000000000000000
00000000000000000000000000000000
00000000000000000000000000000000
00000000000000000000000000000000
00000000000000000000000000000000
00000000000000000000000000000000
00000000000000000000000000000000
00000000000000000000000000000000
00000000000000000000000000000000
00000000000000000000000000000000
00000000000000000000000000000000
00000000000000000000000000000000
00000000000000000000000000000000
00000000000000000000000000000000
00000000000000000000000000000000
00000000000000000000000000000000
00000000000000000000000000000000
00000000000000000000000000000000
00000000000000000000000000000000
00000000000000000000000000000000
00000000000000000000000000000000
00000000000000000000000000000000
00000000000000000000000000000000
00000000000000000000000000000000
00000000000000000000000000000000
00000000000000000000000000000000
00000000000000000000000000000000
00000000000000000000000000000000
00000000000000000000000000000000
00000000000000000000000000000000
00000000000000000000000000000000
00000000000000000000000000000000
00000000000000000000000000000000
00000000000000000000000000000000
00000000000000000000000000000000
00000000000000000000000000000000
00000000000000000000000000000000
00000000000000000000000000000000
00000000000000000000000000000000
00000000000000000000000000000000
00000000000000000000000000000000
00000000000000000000000000000000
00000000000000000000000000000000
00000000000000000000000000000000
00000000000000000000000000000000
00000000000000000000000000000000
00000000000000000000000000000000
00000000000000000000000000000000
00000000000000000000000000000000
00000000000000000000000000000000
00000000000000000000000000000000
00000000000000000000000000000000
00000000000000000000000000000000
00000000000000000000000000000000
00000000000000000000000000000000
00000000000000000000000000000000
00000000000000000000000000000000
00000000000000000000000000000000
00000000000000000000000000000000
00000000000000000000000000000000
00000000000000000000000000000000
00000000000000000000000000000000
00000000000000000000000000000000
00000000000000000000000000000000
00000000000000000000000000000000
00000000000000000000000000000000
00000000000000000000000000000000
00000000000000000000000000000000
00000000000000000000000000000000
00000000000000000000000000000000
00000000000000000000000000000000
00000000000000000000000000000000
00000000000000000000000000000000
00000000000000000000000000000000
00000000000000000000000000000000
00000000000000000000000000000000
00000000000000000000000000000000
00000000000000000000000000000000
00000000000000000000000000000000
00000000000000000000000000000000
00000000000000000000000000000000
00000000000000000000000000000000
00000000000000000000000000000000
00000000000000000000000000000000
00000000000000000000000000000000
00000000000000000000000000000000
00000000000000000000000000000000
00000000000000000000000000000000
00000000000000000000000000000000
00000000000000000000000000000000
00000000000000000000000000000000
00000000000000000000000000000000
00000000000000000000000000000000
00000000000000000000000000000000
00000000000000000000000000000000
00000000000000000000000000000000
00000000000000000000000000000000
00000000000000000000000000000000
00000000000000000000000000000000
00000000000000000000000000000000
00000000000000000000000000000000
00000000000000000000000000000000
00000000000000000000000000000000
00000000000000000000000000000000
00000000000000000000000000000000
00000000000000000000000000000000
00000000000000000000000000000000
00000000000000000000000000000000
00000000000000000000000000000000
00000000000000000000000000000000
00000000000000000000000000000000
00000000000000000000000000000000
00000000000000000000000000000000
00000000000000000000000000000000
00000000000000000000000000000000
00000000000000000000000000000000
00000000000000000000000000000000
00000000000000000000000000000000
00000000000000000000000000000000
00000000000000000000000000000000
00000000000000000000000000000000
00000000000000000000000000000000
00000000000000000000000000000000
00000000000000000000000000000000
00000000000000000000000000000000
